num_star_segments: 16
squares_x: 25
squares_y: 36
square_length_in_meters: 0.008027777777777778
page:
    width_mm: 210.0
    height_mm: 297.0
    pattern_start_x_mm: 4.65277777777777
    pattern_start_y_mm: 4.000000000000012
    pattern_end_x_mm: 205.3472222222222
    pattern_end_y_mm: 293.0
apriltags:
  - tag_x: 10
    tag_y: 16
    width: 4
    height: 4
    index: 8
